iBP-0000000001
1 0 0 0 1 2013 1 1 0 53 76 69 119 86 0.0 0.0 0.0 0.0
2 0 0 1 1 2013 1 1 20 45 63 72 114 91 0.0 0.0 0.0 0.0
3 0 1 0 1 2013 8 22 12 27 74 65 109 81 0.0 0.0 0.0 0.0
4 0 0 0 1 2013 8 22 12 46 79 78 118 90 0.0 0.0 0.0 0.0
5 0 0 0 1 2013 8 22 13 32 79 78 117 91 0.0 0.0 0.0 0.0
6 0 0 0 2 2013 8 22 13 34 79 55 90 69 0.0 0.0 0.0 0.0
7 0 0 0 2 2013 8 22 13 51 79 59 95 72 0.0 0.0 0.0 0.0
8 0 0 0 2 2013 8 22 14 40 79 69 106 82 0.0 0.0 0.0 0.0
9 0 0 0 1 2013 8 22 15 32 71 67 120 82 0.0 0.0 0.0 0.0
10 0 0 0 1 2013 8 22 17 2 79 69 106 84 0.0 0.0 0.0 0.0
11 0 0 0 3 2013 8 22 17 4 119 101 154 119 0.0 0.0 0.0 0.0
12 0 0 0 3 2013 8 22 17 7 119 103 158 125 0.0 0.0 0.0 0.0
13 0 0 0 3 2013 8 22 17 51 119 103 158 123 0.0 0.0 0.0 0.0
14 0 0 0 3 2013 8 22 17 53 119 103 157 126 0.0 0.0 0.0 0.0
15 0 1 1 3 2013 8 22 17 55 119 104 150 124 0.0 0.0 0.0 0.0
16 0 0 0 4 2013 8 22 17 57 197 197 260 226 0.0 0.0 0.0 0.0
17 0 1 0 4 2013 8 22 17 58 197 207 259 223 0.0 0.0 0.0 0.0
18 0 0 0 4 2013 8 22 17 59 197 198 261 226 0.0 0.0 0.0 0.0
19 0 0 0 4 2013 8 22 18 4 197 197 260 226 0.0 0.0 0.0 0.0
20 0 0 0 4 2013 8 22 18 5 197 197 260 227 0.0 0.0 0.0 0.0
21 0 0 0 5 2013 8 22 19 16 59 43 76 58 0.0 0.0 0.0 0.0
22 1 1 1 0 2255 255 255 255 255 255 255 65535 255 0.0 0.0 0.0 0.0
23 1 1 1 0 2255 255 255 255 255 255 255 65535 255 0.0 0.0 0.0 0.0
24 1 1 1 0 2255 255 255 255 255 255 255 65535 255 0.0 0.0 0.0 0.0
25 1 1 1 0 2255 255 255 255 255 255 255 65535 255 0.0 0.0 0.0 0.0
26 1 1 1 0 2255 255 255 255 255 255 255 65535 255 0.0 0.0 0.0 0.0
27 1 1 1 0 2255 255 255 255 255 255 255 65535 255 0.0 0.0 0.0 0.0
28 1 1 1 0 2255 255 255 255 255 255 255 65535 255 0.0 0.0 0.0 0.0
29 1 1 1 0 2255 255 255 255 255 255 255 65535 255 0.0 0.0 0.0 0.0
30 1 1 1 0 2255 255 255 255 255 255 255 65535 255 0.0 0.0 0.0 0.0
31 1 1 1 0 2255 255 255 255 255 255 255 65535 255 0.0 0.0 0.0 0.0
32 1 1 1 0 2255 255 255 255 255 255 255 65535 255 0.0 0.0 0.0 0.0
33 1 1 1 0 2255 255 255 255 255 255 255 65535 255 0.0 0.0 0.0 0.0
34 1 1 1 0 2255 255 255 255 255 255 255 65535 255 0.0 0.0 0.0 0.0
35 1 1 1 0 2255 255 255 255 255 255 255 65535 255 0.0 0.0 0.0 0.0
36 1 1 1 0 2255 255 255 255 255 255 255 65535 255 0.0 0.0 0.0 0.0
37 1 1 1 0 2255 255 255 255 255 255 255 65535 255 0.0 0.0 0.0 0.0
38 1 1 1 0 2255 255 255 255 255 255 255 65535 255 0.0 0.0 0.0 0.0
39 1 1 1 0 2255 255 255 255 255 255 255 65535 255 0.0 0.0 0.0 0.0
40 1 1 1 0 2255 255 255 255 255 255 255 65535 255 0.0 0.0 0.0 0.0
41 1 1 1 0 2255 255 255 255 255 255 255 65535 255 0.0 0.0 0.0 0.0
42 1 1 1 0 2255 255 255 255 255 255 255 65535 255 0.0 0.0 0.0 0.0
43 1 1 1 0 2255 255 255 255 255 255 255 65535 255 0.0 0.0 0.0 0.0
44 1 1 1 0 2255 255 255 255 255 255 255 65535 255 0.0 0.0 0.0 0.0
45 1 1 1 0 2255 255 255 255 255 255 255 65535 255 0.0 0.0 0.0 0.0
46 1 1 1 0 2255 255 255 255 255 255 255 65535 255 0.0 0.0 0.0 0.0
47 1 1 1 0 2255 255 255 255 255 255 255 65535 255 0.0 0.0 0.0 0.0
48 1 1 1 0 2255 255 255 255 255 255 255 65535 255 0.0 0.0 0.0 0.0
49 1 1 1 0 2255 255 255 255 255 255 255 65535 255 0.0 0.0 0.0 0.0
50 1 1 1 0 2255 255 255 255 255 255 255 65535 255 0.0 0.0 0.0 0.0
51 1 1 1 0 2255 255 255 255 255 255 255 65535 255 0.0 0.0 0.0 0.0
52 1 1 1 0 2255 255 255 255 255 255 255 65535 255 0.0 0.0 0.0 0.0
53 1 1 1 0 2255 255 255 255 255 255 255 65535 255 0.0 0.0 0.0 0.0
54 1 1 1 0 2255 255 255 255 255 255 255 65535 255 0.0 0.0 0.0 0.0
55 1 1 1 0 2255 255 255 255 255 255 255 65535 255 0.0 0.0 0.0 0.0
56 1 1 1 0 2255 255 255 255 255 255 255 65535 255 0.0 0.0 0.0 0.0
57 1 1 1 0 2255 255 255 255 255 255 255 65535 255 0.0 0.0 0.0 0.0
58 1 1 1 0 2255 255 255 255 255 255 255 65535 255 0.0 0.0 0.0 0.0
59 1 1 1 0 2255 255 255 255 255 255 255 65535 255 0.0 0.0 0.0 0.0
60 1 1 1 0 2255 255 255 255 255 255 255 65535 255 0.0 0.0 0.0 0.0
61 1 1 1 0 2255 255 255 255 255 255 255 65535 255 0.0 0.0 0.0 0.0
62 1 1 1 0 2255 255 255 255 255 255 255 65535 255 0.0 0.0 0.0 0.0
63 1 1 1 0 2255 255 255 255 255 255 255 65535 255 0.0 0.0 0.0 0.0
64 1 1 1 0 2255 255 255 255 255 255 255 65535 255 0.0 0.0 0.0 0.0
65 1 1 1 0 2255 255 255 255 255 255 255 65535 255 0.0 0.0 0.0 0.0
66 1 1 1 0 2255 255 255 255 255 255 255 65535 255 0.0 0.0 0.0 0.0
67 1 1 1 0 2255 255 255 255 255 255 255 65535 255 0.0 0.0 0.0 0.0
68 1 1 1 0 2255 255 255 255 255 255 255 65535 255 0.0 0.0 0.0 0.0
69 1 1 1 0 2255 255 255 255 255 255 255 65535 255 0.0 0.0 0.0 0.0
70 1 1 1 0 2255 255 255 255 255 255 255 65535 255 0.0 0.0 0.0 0.0
71 1 1 1 0 2255 255 255 255 255 255 255 65535 255 0.0 0.0 0.0 0.0
72 1 1 1 0 2255 255 255 255 255 255 255 65535 255 0.0 0.0 0.0 0.0
73 1 1 1 0 2255 255 255 255 255 255 255 65535 255 0.0 0.0 0.0 0.0
74 1 1 1 0 2255 255 255 255 255 255 255 65535 255 0.0 0.0 0.0 0.0
75 1 1 1 0 2255 255 255 255 255 255 255 65535 255 0.0 0.0 0.0 0.0
76 1 1 1 0 2255 255 255 255 255 255 255 65535 255 0.0 0.0 0.0 0.0
77 1 1 1 0 2255 255 255 255 255 255 255 65535 255 0.0 0.0 0.0 0.0
78 1 1 1 0 2255 255 255 255 255 255 255 65535 255 0.0 0.0 0.0 0.0
79 1 1 1 0 2255 255 255 255 255 255 255 65535 255 0.0 0.0 0.0 0.0
80 1 1 1 0 2255 255 255 255 255 255 255 65535 255 0.0 0.0 0.0 0.0
81 1 1 1 0 2255 255 255 255 255 255 255 65535 255 0.0 0.0 0.0 0.0
82 1 1 1 0 2255 255 255 255 255 255 255 65535 255 0.0 0.0 0.0 0.0
83 1 1 1 0 2255 255 255 255 255 255 255 65535 255 0.0 0.0 0.0 0.0
84 1 1 1 0 2255 255 255 255 255 255 255 65535 255 0.0 0.0 0.0 0.0
85 1 1 1 0 2255 255 255 255 255 255 255 65535 255 0.0 0.0 0.0 0.0
86 1 1 1 0 2255 255 255 255 255 255 255 65535 255 0.0 0.0 0.0 0.0
87 1 1 1 0 2255 255 255 255 255 255 255 65535 255 0.0 0.0 0.0 0.0
88 1 1 1 0 2255 255 255 255 255 255 255 65535 255 0.0 0.0 0.0 0.0
89 1 1 1 0 2255 255 255 255 255 255 255 65535 255 0.0 0.0 0.0 0.0
90 1 1 1 0 2255 255 255 255 255 255 255 65535 255 0.0 0.0 0.0 0.0
91 1 1 1 0 2255 255 255 255 255 255 255 65535 255 0.0 0.0 0.0 0.0
92 1 1 1 0 2255 255 255 255 255 255 255 65535 255 0.0 0.0 0.0 0.0
93 1 1 1 0 2255 255 255 255 255 255 255 65535 255 0.0 0.0 0.0 0.0
94 1 1 1 0 2255 255 255 255 255 255 255 65535 255 0.0 0.0 0.0 0.0
95 1 1 1 0 2255 255 255 255 255 255 255 65535 255 0.0 0.0 0.0 0.0
96 1 1 1 0 2255 255 255 255 255 255 255 65535 255 0.0 0.0 0.0 0.0
97 1 1 1 0 2255 255 255 255 255 255 255 65535 255 0.0 0.0 0.0 0.0
98 1 1 1 0 2255 255 255 255 255 255 255 65535 255 0.0 0.0 0.0 0.0
99 1 1 1 0 2255 255 255 255 255 255 255 65535 255 0.0 0.0 0.0 0.0
100 1 1 1 0 2255 255 255 255 255 255 255 65535 255 0.0 0.0 0.0 0.0
