#<BP11223344556677>
#        10        20        30        40        50        60     
#23456789012345678901234567890123456789012345678901234567890123456
#C  D B A P Y  M  D  h  m  HR  DIA SYS MAP BA      SV  CO   FM    
001,1,1,1,0,121,122,123,124,125,126,127,158,129,0.33411,132,13.3,1.9524
002,1,1,1,0,121,122,123,124,125,126,127,158,129,0.33411,132,13.3,1.9524
003,1,1,1,0,121,122,123,124,125,126,127,158,129,0.33411,132,13.3,1.9524
004,1,1,1,0,121,122,123,124,125,126,127,158,129,0.33411,132,13.3,1.9524
005,1,1,1,0,121,122,123,124,125,126,127,158,129,0.33411,132,13.3,1.9524
006,1,1,1,0,121,122,123,124,125,126,127,158,129,0.33411,132,13.3,1.9524
007,1,1,1,0,121,122,123,124,125,126,127,158,129,0.33411,132,13.3,1.9524
008,1,1,1,0,121,122,123,124,125,126,127,158,129,0.33411,132,13.3,1.9524
009,1,1,1,0,121,122,123,124,125,126,127,158,129,0.33411,132,13.3,1.9524
010,1,1,1,0,121,122,123,124,125,126,127,158,129,0.33411,132,13.3,1.9524
011,1,1,1,0,121,122,123,124,125,126,127,158,129,0.33411,132,13.3,1.9524
012,1,1,1,0,121,122,123,124,125,126,127,158,129,0.33411,132,13.3,1.9524
013,1,1,1,0,121,122,123,124,125,126,127,158,129,0.33411,132,13.3,1.9524
014,1,1,1,0,121,122,123,124,125,126,127,158,129,0.33411,132,13.3,1.9524
015,1,1,1,0,121,122,123,124,125,126,127,158,129,0.33411,132,13.3,1.9524
016,1,1,1,0,121,122,123,124,125,126,127,158,129,0.33411,132,13.3,1.9524
017,1,1,1,0,121,122,123,124,125,126,127,158,129,0.33411,132,13.3,1.9524
018,1,1,1,0,121,122,123,124,125,126,127,158,129,0.33411,132,13.3,1.9524
019,1,1,1,0,121,122,123,124,125,126,127,158,129,0.33411,132,13.3,1.9524
020,1,1,1,0,121,122,123,124,125,126,127,158,129,0.33411,132,13.3,1.9524
021,1,1,1,0,121,122,123,124,125,126,127,158,129,0.33411,132,13.3,1.9524
022,1,1,1,0,121,122,123,124,125,126,127,158,129,0.33411,132,13.3,1.9524
023,1,1,1,0,121,122,123,124,125,126,127,158,129,0.33411,132,13.3,1.9524
024,1,1,1,0,121,122,123,124,125,126,127,158,129,0.33411,132,13.3,1.9524
025,1,1,1,0,121,122,123,124,125,126,127,158,129,0.33411,132,13.3,1.9524
026,1,1,1,0,121,122,123,124,125,126,127,158,129,0.33411,132,13.3,1.9524
027,1,1,1,0,121,122,123,124,125,126,127,158,129,0.33411,132,13.3,1.9524
028,1,1,1,0,121,122,123,124,125,126,127,158,129,0.33411,132,13.3,1.9524
029,1,1,1,0,121,122,123,124,125,126,127,158,129,0.33411,132,13.3,1.9524
030,1,1,1,0,121,122,123,124,125,126,127,158,129,0.33411,132,13.3,1.9524
031,1,1,1,0,121,122,123,124,125,126,127,158,129,0.33411,132,13.3,1.9524
032,1,1,1,0,121,122,123,124,125,126,127,158,129,0.33411,132,13.3,1.9524
033,1,1,1,0,121,122,123,124,125,126,127,158,129,0.33411,132,13.3,1.9524
034,1,1,1,0,121,122,123,124,125,126,127,158,129,0.33411,132,13.3,1.9524
035,1,1,1,0,121,122,123,124,125,126,127,158,129,0.33411,132,13.3,1.9524
036,1,1,1,0,121,122,123,124,125,126,127,158,129,0.33411,132,13.3,1.9524
037,1,1,1,0,121,122,123,124,125,126,127,158,129,0.33411,132,13.3,1.9524
038,1,1,1,0,121,122,123,124,125,126,127,158,129,0.33411,132,13.3,1.9524
039,1,1,1,0,121,122,123,124,125,126,127,158,129,0.33411,132,13.3,1.9524
040,1,1,1,0,121,122,123,124,125,126,127,158,129,0.33411,132,13.3,1.9524
041,1,1,1,0,121,122,123,124,125,126,127,158,129,0.33411,132,13.3,1.9524
042,1,1,1,0,121,122,123,124,125,126,127,158,129,0.33411,132,13.3,1.9524
043,1,1,1,0,121,122,123,124,125,126,127,158,129,0.33411,132,13.3,1.9524
044,1,1,1,0,121,122,123,124,125,126,127,158,129,0.33411,132,13.3,1.9524
045,1,1,1,0,121,122,123,124,125,126,127,158,129,0.33411,132,13.3,1.9524
046,1,1,1,0,121,122,123,124,125,126,127,158,129,0.33411,132,13.3,1.9524
047,1,1,1,0,121,122,123,124,125,126,127,158,129,0.33411,132,13.3,1.9524
048,1,1,1,0,121,122,123,124,125,126,127,158,129,0.33411,132,13.3,1.9524
049,1,1,1,0,121,122,123,124,125,126,127,158,129,0.33411,132,13.3,1.9524
050,1,1,1,0,121,122,123,124,125,126,127,158,129,0.33411,132,13.3,1.9524
051,1,1,1,0,121,122,123,124,125,126,127,158,129,0.33411,132,13.3,1.9524
052,1,1,1,0,121,122,123,124,125,126,127,158,129,0.33411,132,13.3,1.9524
053,1,1,1,0,121,122,123,124,125,126,127,158,129,0.33411,132,13.3,1.9524
054,1,1,1,0,121,122,123,124,125,126,127,158,129,0.33411,132,13.3,1.9524
055,1,1,1,0,121,122,123,124,125,126,127,158,129,0.33411,132,13.3,1.9524
056,1,1,1,0,121,122,123,124,125,126,127,158,129,0.33411,132,13.3,1.9524
057,1,1,1,0,121,122,123,124,125,126,127,158,129,0.33411,132,13.3,1.9524
058,1,1,1,0,121,122,123,124,125,126,127,158,129,0.33411,132,13.3,1.9524
059,1,1,1,0,121,122,123,124,125,126,127,158,129,0.33411,132,13.3,1.9524
060,1,1,1,0,121,122,123,124,125,126,127,158,129,0.33411,132,13.3,1.9524
061,1,1,1,0,121,122,123,124,125,126,127,158,129,0.33411,132,13.3,1.9524
062,1,1,1,0,121,122,123,124,125,126,127,158,129,0.33411,132,13.3,1.9524
063,1,1,1,0,121,122,123,124,125,126,127,158,129,0.33411,132,13.3,1.9524
064,1,1,1,0,121,122,123,124,125,126,127,158,129,0.33411,132,13.3,1.9524
065,1,1,1,0,121,122,123,124,125,126,127,158,129,0.33411,132,13.3,1.9524
066,1,1,1,0,121,122,123,124,125,126,127,158,129,0.33411,132,13.3,1.9524
067,1,1,1,0,121,122,123,124,125,126,127,158,129,0.33411,132,13.3,1.9524
068,1,1,1,0,121,122,123,124,125,126,127,158,129,0.33411,132,13.3,1.9524
069,1,1,1,0,121,122,123,124,125,126,127,158,129,0.33411,132,13.3,1.9524
070,1,1,1,0,121,122,123,124,125,126,127,158,129,0.33411,132,13.3,1.9524
071,1,1,1,0,121,122,123,124,125,126,127,158,129,0.33411,132,13.3,1.9524
072,1,1,1,0,121,122,123,124,125,126,127,158,129,0.33411,132,13.3,1.9524
073,1,1,1,0,121,122,123,124,125,126,127,158,129,0.33411,132,13.3,1.9524
074,1,1,1,0,121,122,123,124,125,126,127,158,129,0.33411,132,13.3,1.9524
075,1,1,1,0,121,122,123,124,125,126,127,158,129,0.33411,132,13.3,1.9524
076,1,1,1,0,121,122,123,124,125,126,127,158,129,0.33411,132,13.3,1.9524
077,1,1,1,0,121,122,123,124,125,126,127,158,129,0.33411,132,13.3,1.9524
078,1,1,1,0,121,122,123,124,125,126,127,158,129,0.33411,132,13.3,1.9524
079,1,1,1,0,121,122,123,124,125,126,127,158,129,0.33411,132,13.3,1.9524
080,1,1,1,0,121,122,123,124,125,126,127,158,129,0.33411,132,13.3,1.9524
081,1,1,1,0,121,122,123,124,125,126,127,158,129,0.33411,132,13.3,1.9524
082,1,1,1,0,121,122,123,124,125,126,127,158,129,0.33411,132,13.3,1.9524
083,1,1,1,0,121,122,123,124,125,126,127,158,129,0.33411,132,13.3,1.9524
084,1,1,1,0,121,122,123,124,125,126,127,158,129,0.33411,132,13.3,1.9524
085,1,1,1,0,121,122,123,124,125,126,127,158,129,0.33411,132,13.3,1.9524
086,1,1,1,0,121,122,123,124,125,126,127,158,129,0.33411,132,13.3,1.9524
087,1,1,1,0,121,122,123,124,125,126,127,158,129,0.33411,132,13.3,1.9524
088,1,1,1,0,121,122,123,124,125,126,127,158,129,0.33411,132,13.3,1.9524
089,1,1,1,0,121,122,123,124,125,126,127,158,129,0.33411,132,13.3,1.9524
090,1,1,1,0,121,122,123,124,125,126,127,158,129,0.33411,132,13.3,1.9524
091,1,1,1,0,121,122,123,124,125,126,127,158,129,0.33411,132,13.3,1.9524
092,1,1,1,0,121,122,123,124,125,126,127,158,129,0.33411,132,13.3,1.9524
093,1,1,1,0,121,122,123,124,125,126,127,158,129,0.33411,132,13.3,1.9524
094,1,1,1,0,121,122,123,124,125,126,127,158,129,0.33411,132,13.3,1.9524
095,1,1,1,0,121,122,123,124,125,126,127,158,129,0.33411,132,13.3,1.9524
096,1,1,1,0,121,122,123,124,125,126,127,158,129,0.33411,132,13.3,1.9524
097,1,1,1,0,121,122,123,124,125,126,127,158,129,0.33411,132,13.3,1.9524
098,1,1,1,0,121,122,123,124,125,126,127,158,129,0.33411,132,13.3,1.9524
099,1,1,1,0,121,122,123,124,125,126,127,158,129,0.33411,132,13.3,1.9524
100,1,1,1,0,121,122,123,124,125,126,127,158,129,0.33411,132,13.3,1.9524
